[50850, 49520, 2110, 49720] [82910, 80790, 2660, 84960] [52670, 50500, 2100, 50380] [52970, 50570, 2110, 50600] [50720, 49500, 2100, 50620] 
[5220, 4670, 3330, 1990] [3310, 2690, 3990, 3100] [5200, 4620, 3320, 2040] [5030, 4650, 3910, 2050] [5180, 4720, 3310, 1990] 
[670, 630, 670, 1020] [1350, 1300, 3100, 1520] [650, 640, 650, 990] [650, 640, 670, 1000] [650, 650, 660, 1020] 
[300, 280, 140, 170] [160, 150, 190, 160] [310, 270, 160, 190] [270, 290, 170, 170] [270, 270, 180, 170] 
[3970, 3650, 5410, 6160] [4810, 4440, 4250, 8210] [4440, 4040, 4680, 6200] [3970, 3730, 5220, 6110] [3940, 3690, 5260, 6080] 
[23170, 22350, 4880, 202840] [16230, 15310, -3, -3] [33360, 31690, 4860, 198880] [23210, 22150, 4870, 200360] [23070, 22090, 4830, 199380] 
[2000, 1960, 2560, 990] [660, 630, 1330, 1220] [2550, 2400, 2280, 1010] [2020, 1950, 2580, 990] [2100, 1990, 2530, 990] 
[3320, 3220, 2850, 7550] [3190, 2960, 5110, 5250] [3370, 3180, 2870, 7780] [3350, 3220, 2820, 7480] [3410, 3230, 2790, 7630] 
[5110, 4740, 3320, 1980] [3110, 2690, 3930, 3120] [5130, 4590, 3360, 2040] [5080, 4690, 3290, 1990] [5030, 4610, 3300, 1950] 
[46020, 44060, 44370, 46020] [74750, 72610, 68160, 74740] [44880, 44480, 77950, 46400] [45590, 44450, 44400, 45680] [44590, 43760, 43980, 46470] 
[1210, 1140, 2470, 1260] [3450, 3210, 3560, 1710] [1110, 1000, 3990, 1280] [1180, 1140, 2490, 1300] [1180, 1130, 2430, 1290] 
[4300, 3940, 11230, 5580] [5310, 4800, 4860, 7400] [4260, 3840, 4380, 5620] [4400, 4130, 11000, 5390] [4320, 3960, 10950, 5420] 
[-3, -2, -2, -3] [-3, -3, -3, -3] [-2, -2, -2, -3] [-2, -2, -2, -3] [-2, -2, -2, -3] 
[1490, 1420, 2210, 1430] [1050, 970, 3610, 2000] [1510, 1420, 2120, 1420] [1520, 1460, 2210, 1390] [1510, 1480, 2140, 1420] 
[4059, 3670, 5390, 6280] [4820, 4400, 4300, 8230] [4460, 4000, 4750, 6200] [4080, 3610, 5250, 6150] [3940, 3650, 5380, 6290] 
[250, 190, 160, 210] [190, 160, 140, 210] [230, 210, 170, 220] [200, 190, 160, 200] [210, 190, 160, 210] 
[-3, -3, -3, -3] [-3, -3, -3, -3] [-3, -3, -3, -3] [-3, -3, -3, -3] [-3, -3, -3, -3] 
[430, 410, 290, 430] [570, 530, 360, 580] [430, 420, 310, 420] [420, 400, 280, 450] [440, 430, 300, 430] 
[1380, 1340, 3100, 1800] [1700, 1660, 3570, 2130] [3360, 3210, 3920, 1780] [1340, 1330, 3170, 1820] [1380, 1330, 3160, 1830] 
[120, 80, 90, 120] [110, 80, 120, 110] [130, 90, 100, 90] [110, 80, 120, 120] [100, 100, 120, 120] 
[60, 60, 70, 50] [60, 50, 70, 60] [60, 50, 60, 70] [50, 50, 70, 60] [40, 40, 60, 60] 
[-2, -2, -2, -2] [-2, -2, -2, -2] [-2, -2, -2, -2] [-2, -2, -2, -2] [-2, -2, -2, -2] 
